image: map.pgm
resolution: 0.050000
origin: [-2.200000, -3.300000, -nan]
negate: 0
occupied_thresh: 0.65
free_thresh: 0.196

